version https://git-lfs.github.com/spec/v1
oid sha256:f0e649fd1c126da3ed439a74d74ffbdf68ae7c6aced20adb1ef2e74598629596
size 22192719
